lat,long,max_temp,city_names,cloudiness,country,date,humidity,wind_speed
20.89,-156.47,89.6,Kahului,40,US,1562203054,52,20.8
71.98,102.47,56.24,Khatanga,92,RU,1562202831,85,8.55
65.61,-37.64,44.6,Tasiilaq,100,GL,1562203134,75,8.05
38.36,31.42,59.84,Aksehir,0,TR,1562203134,54,4.05
-22.97,-42.02,66.2,Arraial do Cabo,0,BR,1562202845,88,2.24
-12.32,-42.89,72.08,Oliveira dos Brejinhos,4,BR,1562203135,44,3.44
-2.67,141.3,81.26,Vanimo,95,PG,1562203135,69,1.45
38.52,-28.7,68.48,Ribeira Grande,0,PT,1562203053,88,7.16
-34.53,20.04,55.0,Bredasdorp,0,ZA,1562203011,93,3.36
4.94,-52.33,77.0,Cayenne,0,GF,1562202866,94,4.03
-19.93,-60.77,60.2,Mayor Pablo Lagerenza,89,PY,1562203136,67,6.26
52.42,136.49,70.46,Imeni Poliny Osipenko,2,RU,1562203065,64,4.88
14.16,38.9,62.0,Adwa,38,ET,1562203136,84,1.32
64.43,76.5,72.08,Gubkinskiy,57,RU,1562203136,47,11.59
15.11,37.59,77.12,Barentu,38,ER,1562203137,71,11.41
27.73,106.92,70.1,Zunyi,91,CN,1562203137,90,2.98
45.36,-73.48,82.99,Saint-Philippe,40,CA,1562202828,64,7.02
15.46,6.28,95.84,Abalak,93,NE,1562203137,26,10.29
-13.71,-76.2,62.6,Pisco,90,PE,1562203077,82,10.29
-9.8,-139.03,80.72,Atuona,92,PF,1562203031,65,5.66
16.17,-88.94,84.2,Laguna,40,BZ,1562203138,70,4.7
33.93,134.5,78.8,Katsuura,75,JP,1562203036,83,4.7
41.96,42.96,66.2,Khani,75,GE,1562203138,93,3.36
-23.12,-134.97,65.24,Rikitea,100,PF,1562203011,81,23.98
15.34,74.49,71.6,Vaini,75,IN,1562203135,100,5.82
19.71,-155.08,82.4,Hilo,90,US,1562203016,65,13.87
64.27,100.22,69.2,Tura,0,RU,1562203139,36,6.89
-20.74,116.85,69.56,Karratha,41,AU,1562203139,51,6.44
-16.48,-151.75,76.22,Faanui,83,PF,1562203022,75,31.61
68.75,161.3,54.44,Cherskiy,88,RU,1562202837,51,7.81
-37.83,140.78,51.8,Mount Gambier,90,AU,1562203048,81,13.87
36.55,-82.56,81.0,Kingsport,40,US,1562203140,78,5.23
-8.93,125.41,74.42,Airai,5,TL,1562202869,55,2.73
42.65,-73.75,80.6,Albany,1,US,1562203021,57,3.36
-23.58,149.07,66.14,Bluff,65,AU,1562203027,66,19.53
8.96,38.73,57.2,Lebu,75,ET,1562202839,93,4.7
77.48,-69.36,47.24,Qaanaaq,74,GL,1562202834,44,2.57
49.9,24.09,50.0,Dublyany,0,UA,1562203141,81,2.01
-14.45,-56.8,75.86,Nortelandia,24,BR,1562203115,54,5.3
5.43,7.07,72.8,Naze,100,NG,1562203142,98,3.24
-34.05,23.37,54.26,Plettenberg Bay,0,ZA,1562202858,69,2.08
56.65,66.31,59.0,Yalutorovsk,100,RU,1562203142,88,2.68
-2.02,147.27,82.16,Lorengau,3,PG,1562203071,76,5.5
40.29,123.27,76.4,Xiuyan,20,CN,1562203142,48,4.32
-33.64,115.35,57.99,Busselton,100,AU,1562203012,76,27.18
50.12,-5.53,59.0,Penzance,0,GB,1562203143,93,9.17
63.59,-135.9,77.0,Mayo,90,CA,1562203143,27,11.41
47.83,88.13,60.2,Altay,33,CN,1562203143,53,5.5
18.26,-94.69,86.0,Pajapan,40,MX,1562203144,70,3.83
-0.6,73.08,83.42,Hithadhoo,47,MV,1562203023,78,11.9
-20.41,57.7,69.01,Mahebourg,40,MU,1562203015,94,3.36
-33.21,138.6,49.58,Jamestown,0,AU,1562202826,73,9.86
62.1,126.7,57.14,Berdigestyakh,0,RU,1562203144,41,9.95
-12.18,26.4,57.5,Solwezi,32,ZM,1562203145,70,5.88
-54.81,-68.31,24.8,Ushuaia,0,AR,1562202826,92,12.75
13.41,76.17,72.98,Banavar,96,IN,1562203145,77,3.47
30.04,-94.42,86.0,Nome,1,US,1562202864,88,3.36
62.23,-6.59,50.0,Klaksvik,100,FO,1562203054,100,8.05
26.73,95.03,79.28,Mon,96,IN,1562203146,93,2.39
60.91,-46.05,53.6,Narsaq,0,GL,1562202843,50,5.82
-42.88,147.33,46.0,Hobart,20,AU,1562202833,81,6.93
67.47,78.7,57.5,Tazovskiy,99,RU,1562203116,63,4.79
-42.78,147.06,46.0,New Norfolk,20,AU,1562203063,81,6.93
50.36,108.75,60.2,Krasnyy Chikoy,100,RU,1562203147,91,4.97
59.7,30.79,55.0,Nikolskoye,90,RU,1562202826,87,13.42
-6.83,-35.12,75.2,Mamanguape,20,BR,1562203089,100,1.12
10.57,72.64,82.16,Kavaratti,100,IN,1562203147,82,17.22
-31.43,152.91,64.0,Port Macquarie,90,AU,1562203147,87,4.7
63.75,-68.52,41.0,Iqaluit,75,CA,1562203010,86,16.11
73.51,80.55,36.62,Dikson,99,RU,1562203038,82,10.76
-2.92,-39.92,74.06,Itarema,1,BR,1562203148,93,5.06
62.58,6.12,46.4,Roald,100,NO,1562203148,93,9.17
49.98,92.07,64.34,Ulaangom,48,MN,1562203148,43,0.72
18.39,42.45,69.8,Faya,0,SA,1562203149,30,5.39
-0.74,-90.35,73.4,Puerto Ayora,40,EC,1562203069,73,16.11
34.64,-120.46,77.0,Lompoc,1,US,1562202979,68,21.92
40.5,-98.95,84.2,Minden,1,US,1562203005,58,8.05
-33.93,18.42,55.99,Cape Town,40,ZA,1562203007,93,3.36
-33.59,26.89,57.0,Port Alfred,0,ZA,1562203150,88,4.0
60.14,-45.24,40.94,Nanortalik,1,GL,1562203068,79,3.09
37.14,-8.45,64.4,Lagoa,0,PT,1562203047,77,6.93
64.25,-15.21,40.76,Hofn,100,IS,1562203151,98,1.88
-25.88,-48.58,64.0,Guaratuba,75,BR,1562203151,82,8.05
39.31,-74.98,84.2,Port Elizabeth,1,US,1562202785,78,5.37
63.83,10.7,45.0,Hovd,90,NO,1562203152,93,4.7
54.43,119.94,50.66,Tupik,35,RU,1562203078,51,11.61
-34.0,24.73,49.94,Kruisfontein,0,ZA,1562203054,83,2.37
-38.31,-60.23,39.32,Barrow,79,AR,1562202788,73,10.6
16.38,-93.6,87.8,Champerico,90,MX,1562203153,55,3.36
-25.43,-50.0,57.0,Palmeira,100,BR,1562203153,95,3.24
43.26,-79.87,80.6,Hamilton,40,CA,1562202898,57,4.7
68.31,-53.46,41.3,Kangaatsiaq,52,GL,1562203153,89,6.13
70.63,29.72,43.82,Batsfjord,100,NO,1562203154,97,16.46
-15.19,12.15,69.2,Namibe,26,AO,1562203130,82,9.78
3.07,172.79,83.96,Butaritari,8,KI,1562203030,67,2.82
-53.16,-70.91,30.2,Punta Arenas,75,CL,1562203026,92,6.93
-46.43,-67.52,29.6,Mar del Plata,12,AR,1562203029,75,5.97
46.81,-100.78,66.2,Bismarck,75,US,1562202935,100,5.82
16.78,94.73,79.82,Pathein,100,MM,1562203155,87,9.93
22.08,-159.32,84.2,Kapaa,1,US,1562202826,66,9.17
21.94,-78.43,86.0,Primero de Enero,40,CU,1562203155,70,6.93
22.57,59.53,82.7,Sur,31,OM,1562203108,68,6.76
62.45,-114.38,57.2,Yellowknife,90,CA,1562203062,71,13.87
53.14,59.15,57.2,Svetlogorsk,20,RU,1562203156,82,8.95
-25.41,-70.49,49.94,Taltal,67,CL,1562203156,90,1.77
-26.76,-55.14,43.82,Natalio,0,PY,1562203156,83,2.71
65.28,-126.83,68.0,Norman Wells,75,CA,1562203035,49,5.82
65.17,57.09,63.98,Puteyets,6,RU,1562203156,79,3.87
41.17,45.0,68.0,Noyemberyan,0,AM,1562203157,72,20.8
10.3,22.78,76.4,Birao,97,CF,1562203157,72,4.25
-46.28,169.85,46.0,Kaitangata,64,NZ,1562203014,71,13.0
65.58,-170.99,63.98,Lavrentiya,0,RU,1562202838,50,15.41
64.42,-173.23,48.2,Provideniya,20,RU,1562203051,87,11.18
55.34,-131.65,57.2,Ketchikan,90,US,1562202906,87,13.87
-8.26,-49.26,76.22,Conceicao do Araguaia,26,BR,1562203020,60,2.73
30.17,-111.1,96.01,Benjamin Hill,1,MX,1562203158,34,8.01
50.3,103.31,54.44,Kholtoson,100,RU,1562203158,97,4.09
8.0,124.29,80.01,Marawi,34,PH,1562203159,82,3.0
-20.73,139.49,71.6,Mount Isa,0,AU,1562203030,28,11.41
47.55,-2.56,64.99,Ambon,0,FR,1562203159,72,12.75
69.44,-133.03,69.8,Tuktoyaktuk,75,CA,1562203008,46,14.99
-34.42,19.24,55.99,Hermanus,0,ZA,1562202930,87,1.01
-46.19,168.86,46.99,Mataura,71,NZ,1562203014,85,1.99
43.48,-8.23,68.0,Ferrol,0,ES,1562203160,88,4.7
-6.12,141.3,71.54,Kiunga,100,PG,1562203160,97,2.86
-27.37,-70.33,53.6,Copiapo,90,CL,1562203091,76,10.29
-33.02,27.91,51.92,East London,0,ZA,1562203053,68,3.09
37.49,69.4,73.4,Farkhor,40,TJ,1562203161,60,8.95
68.22,-135.01,73.4,Aklavik,90,CA,1562203019,38,8.05
53.22,-114.98,59.66,Drayton Valley,100,CA,1562203161,63,5.84
66.15,-65.72,50.84,Pangnirtung,99,CA,1562203162,45,5.64
4.91,-75.23,77.0,Rosarito,20,CO,1562203162,83,6.93
45.97,42.7,69.92,Bolshaya Dzhalga,0,RU,1562203162,78,1.9
63.44,-20.27,50.3,Vestmannaeyjar,29,IS,1562202842,79,9.08
-25.24,130.99,51.8,Yulara,0,AU,1562203092,34,12.75
10.66,-5.16,77.12,Sindou,99,BF,1562203163,83,2.89
69.22,-51.1,44.6,Ilulissat,0,GL,1562203090,65,5.82
13.6,26.69,87.2,Umm Kaddadah,28,SD,1562203163,40,12.21
46.59,-112.04,69.8,Helena,75,US,1562203049,37,6.93
32.22,70.39,82.7,Tank,0,PK,1562203164,29,5.3
37.56,-97.35,77.0,Haysville,1,US,1562203164,78,8.05
-34.72,135.86,56.24,Port Lincoln,0,AU,1562203164,78,14.5
45.16,10.79,72.0,Mantua,75,IT,1562203164,83,4.7
71.64,128.87,37.7,Tiksi,100,RU,1562203018,94,4.61
38.73,-27.07,70.0,Praia da Vitoria,75,PT,1562203044,88,8.5
32.93,12.08,76.22,Zuwarah,0,LY,1562203165,80,8.95
-38.38,-60.28,39.32,Tres Arroyos,79,AR,1562203165,73,10.6
35.3,113.88,81.08,Xinxiang,100,CN,1562203166,39,5.93
28.21,83.99,58.22,Pokhara,56,NP,1562203053,87,1.07
64.07,24.53,54.0,Ylivieska,41,FI,1562203166,76,5.99
59.58,151.3,46.16,Ola,43,RU,1562203166,92,13.29
71.97,114.09,54.44,Saskylakh,86,RU,1562203063,64,6.51
-21.21,-159.78,73.4,Avarua,18,CK,1562203035,69,14.99
70.62,147.9,42.02,Chokurdakh,100,RU,1562202836,75,5.39
51.33,-0.78,57.2,Blackwater,32,GB,1562203167,76,5.82
-10.62,150.67,76.94,Samarai,77,PG,1562203167,75,6.17
-31.97,141.45,50.0,Broken Hill,0,AU,1562203168,71,11.41
50.56,-96.99,64.99,Husavik,56,CA,1562203047,52,3.0
-22.12,14.28,54.0,Henties Bay,0,NA,1562203106,37,7.38
-34.85,139.16,57.99,Palmer,75,AU,1562203168,66,3.36
-9.84,-39.48,73.16,Uaua,42,BR,1562203169,70,7.87
-20.63,-46.0,64.34,Ponta do Sol,53,BR,1562203077,61,5.48
-46.13,167.69,46.99,Tuatapere,93,NZ,1562203023,85,1.99
64.84,-147.72,77.0,Fairbanks,75,US,1562203078,44,10.29
-42.48,-73.76,37.4,Castro,20,CL,1562203025,100,3.36
48.68,71.64,61.46,Atasu,29,KZ,1562202933,85,14.58
-29.23,26.73,28.4,Botshabelo,0,ZA,1562203170,79,3.09
-10.88,26.6,55.88,Kambove,3,CD,1562203170,68,5.44
57.91,26.05,52.0,Soe,0,EE,1562203170,71,10.29
20.2,1.01,91.16,Tessalit,28,ML,1562203171,24,13.38
36.69,-79.87,84.2,Martinsville,1,US,1562203171,65,9.22
43.08,41.0,74.24,Dmitriyevka,0,GE,1562203171,79,9.24
47.66,-52.73,53.01,Torbay,90,CA,1562202748,87,13.87
54.52,-128.61,66.2,Terrace,75,CA,1562203172,63,11.41
57.08,64.26,59.0,Yushala,20,RU,1562203172,93,6.71
36.41,64.91,65.96,Dawlatabad,0,AF,1562203172,31,4.03
26.09,-106.96,57.5,Guadalupe y Calvo,93,MX,1562203173,89,6.08
53.78,73.88,59.3,Russkaya Polyana,85,RU,1562203173,83,9.01
18.19,-73.75,80.54,Les Cayes,0,HT,1562203173,81,12.73
49.41,16.64,55.99,Rajec-Jestrebi,0,CZ,1562203173,71,4.7
32.86,59.22,66.2,Birjand,0,IR,1562203174,43,9.17
41.17,75.81,47.06,At-Bashi,0,KG,1562203174,93,0.69
60.75,-137.51,64.88,Haines Junction,100,CA,1562203174,49,4.59
5.88,-10.05,77.0,Buchanan,75,LR,1562203175,94,3.36
-30.17,-50.22,49.04,Cidreira,0,BR,1562203077,59,11.43
-6.22,155.63,83.42,Kieta,57,PG,1562202859,68,4.0
-45.41,167.72,41.3,Te Anau,48,NZ,1562203175,87,4.07
-13.19,49.05,69.02,Ambilobe,26,MG,1562203175,80,5.97
-12.18,136.78,78.8,Nhulunbuy,0,AU,1562203176,54,12.75
47.73,-3.43,64.0,Ploemeur,0,FR,1562203176,67,16.11
32.31,54.02,84.2,Ardakan,0,IR,1562203176,28,4.7
-10.68,35.65,62.18,Songea,17,TZ,1562203176,62,4.38
52.55,62.49,57.5,Lisakovsk,0,KZ,1562203085,93,10.96
13.22,80.32,87.8,Kattivakkam,40,IN,1562203177,58,5.82
13.22,-59.52,82.4,Bathsheba,40,BB,1562203010,78,19.46
12.17,124.59,81.08,Osmena,96,PH,1562203177,78,6.87
-30.97,22.13,44.9,Carnarvon,0,ZA,1562203043,33,6.98
35.24,129.21,77.0,Kijang,30,KR,1562203178,73,8.05
36.95,36.2,77.0,Erzin,40,TR,1562203178,88,2.91
52.86,-102.4,62.0,Hudson Bay,96,CA,1562203178,50,7.7
22.82,113.67,88.0,Humen,40,CN,1562203179,79,12.75
5.67,73.0,83.24,Ugoofaaru,88,MV,1562203035,71,7.49
55.74,-97.86,59.0,Thompson,75,CA,1562203106,54,14.99
36.21,57.68,66.86,Sabzevar,0,IR,1562203179,36,5.95
-0.12,-51.29,82.4,Mazagao,40,BR,1562203180,94,8.05
-28.58,-70.76,55.16,Vallenar,0,CL,1562203180,51,0.98
36.72,15.09,73.0,Pachino,0,IT,1562203180,49,6.93
-26.79,-60.44,48.86,Presidencia Roque Saenz Pena,0,AR,1562202891,63,4.54
31.86,10.98,69.92,Nalut,0,LY,1562203181,70,8.1
-20.34,57.76,69.01,Bambous Virieux,40,MU,1562203013,94,3.36
39.73,98.49,78.02,Jiuquan,33,CN,1562203181,18,3.78
-2.57,150.8,83.42,Kavieng,61,PG,1562203067,71,7.16
-11.84,-76.39,56.06,Matucana,0,PE,1562203182,46,1.48
40.12,18.3,77.0,Maglie,5,IT,1562203182,100,3.36
29.06,-13.56,69.8,Teguise,90,ES,1562203183,73,14.99
43.65,111.97,77.12,Erenhot,71,CN,1562203183,24,8.63
26.54,-77.06,84.14,Marsh Harbour,64,BS,1562203183,73,8.61
10.99,-74.96,80.6,Puerto Colombia,20,CO,1562203183,83,9.17
-5.56,150.15,86.84,Kimbe,52,PG,1562203184,58,2.73
63.84,-22.43,51.01,Grindavik,90,IS,1562203046,93,6.93
31.27,56.81,74.42,Ravar,0,IR,1562203184,30,2.19
21.59,-78.3,78.8,Estrella,20,CU,1562203184,88,4.5
-33.86,121.89,51.8,Esperance,25,AU,1562203073,62,21.92
-9.17,-60.63,78.92,Aripuana,49,BR,1562203185,65,1.21
25.36,55.39,95.0,Sharjah,0,AE,1562203185,55,3.36
-18.95,48.23,50.12,Moramanga,0,MG,1562203185,81,3.94
6.8,-58.16,82.4,Georgetown,40,GY,1562202815,83,9.17
31.44,-87.99,86.0,Wagar,35,US,1562203186,72,2.35
66.77,123.37,53.54,Zhigansk,50,RU,1562203186,49,9.55
67.65,134.64,49.58,Batagay,53,RU,1562203187,61,9.53
20.93,-17.03,69.8,Nouadhibou,0,MR,1562203009,73,20.8
32.93,66.63,64.88,Uruzgan,0,AF,1562203190,25,7.87
16.86,-99.88,89.6,Acapulco,20,MX,1562203190,59,8.05
-44.7,169.14,37.7,Wanaka,42,NZ,1562203191,78,3.15
68.05,39.51,46.88,Ostrovnoy,100,RU,1562202871,97,6.29
-21.64,-41.05,72.8,Sao Joao da Barra,1,BR,1562203026,64,2.53
60.79,-161.76,57.2,Bethel,90,US,1562203008,93,18.34
27.97,-114.04,66.14,Guerrero Negro,0,MX,1562203094,83,17.45
6.12,81.12,78.8,Hambantota,40,LK,1562203063,100,6.93
-10.15,32.64,55.16,Isoka,0,ZM,1562203192,80,3.58
41.62,42.88,46.34,Vale,14,GE,1562203192,92,2.82
34.92,32.53,75.2,Lasa,0,CY,1562203193,82,8.05
14.3,44.38,75.32,Yarim,99,YE,1562203193,59,3.13
58.36,82.83,69.38,Togur,82,RU,1562203141,82,2.06
78.22,15.63,44.6,Longyearbyen,40,NO,1562203048,75,11.41
55.23,63.28,54.44,Shumikha,70,RU,1562203194,88,2.35
54.77,-101.88,61.64,Flin Flon,99,CA,1562203194,38,9.06
69.7,170.27,32.3,Pevek,100,RU,1562203032,98,3.22
-19.06,-169.92,78.8,Alofi,75,NU,1562202862,69,18.34
51.06,35.71,51.38,Belaya,50,RU,1562203194,91,6.08
22.89,-109.91,90.0,Cabo San Lucas,5,MX,1562202828,54,11.41
72.79,-56.15,41.12,Upernavik,66,GL,1562203015,83,8.25
52.14,25.53,48.5,Ivanava,7,BY,1562203195,89,6.49
39.95,-94.76,84.0,Kodiak,20,US,1562203026,58,10.29
-9.11,124.89,75.68,Atambua,3,ID,1562203195,71,14.29
70.47,-68.59,32.0,Clyde River,90,CA,1562203107,73,8.05
53.13,132.9,68.3,Tokur,95,RU,1562203196,66,2.26
39.45,22.34,80.01,Saint George,20,GR,1562203093,49,0.6
46.8,0.53,66.2,Chatellerault,0,FR,1562203196,55,10.29
40.58,-86.19,84.2,Galveston,1,US,1562203118,78,4.7
28.28,88.52,42.92,Gamba,100,CN,1562203197,71,1.97
-12.1,26.43,57.5,Kansanshi,32,ZM,1562203197,70,5.88
54.87,56.75,57.2,Kudeyevskiy,0,RU,1562203197,82,11.18
62.16,117.65,55.7,Suntar,53,RU,1562203198,48,6.49
42.73,133.08,62.18,Vrangel,97,RU,1562203039,93,4.0
-3.71,-38.6,77.0,Vila Velha,40,BR,1562203053,88,4.7
-15.77,128.74,77.0,Kununurra,10,AU,1562203199,16,11.41
41.28,-70.1,73.0,Nantucket,1,US,1562203199,68,6.82
50.65,-104.86,66.0,Lumsden,75,CA,1562203199,77,4.7
13.78,124.39,83.42,Gigmoto,78,PH,1562203199,71,3.29
41.14,-73.36,80.6,Westport,1,US,1562203200,61,3.36
66.5,25.72,48.2,Rovaniemi,75,FI,1562203200,100,5.82
54.99,82.44,68.0,Chik,0,RU,1562203200,82,4.47
41.19,61.4,76.76,Gazojak,0,TM,1562203201,29,5.12
14.53,20.93,89.54,Biltine,32,TD,1562203201,41,7.74
54.21,24.57,48.2,Varena,40,LT,1562203201,81,9.17
39.62,-77.74,82.4,Vardo,5,US,1562202905,74,1.3
58.52,-117.13,60.8,High Level,75,CA,1562203202,67,5.82
11.67,92.75,84.2,Port Blair,75,IN,1562203202,89,6.93
21.46,-71.14,82.52,Cockburn Town,0,TC,1562202978,78,15.05
46.42,3.91,60.8,Saint-Francois,0,FR,1562203094,72,2.55
26.73,109.0,72.26,Tangzhai,100,CN,1562203203,85,1.34
22.78,73.62,78.8,Godhra,75,IN,1562203203,100,10.29
18.69,12.92,92.24,Bilma,9,NE,1562203204,32,11.14
5.79,36.57,63.8,Jinka,100,ET,1562203204,89,3.94
-10.07,-78.15,62.9,Huarmey,0,PE,1562203204,86,14.29
-20.07,146.27,64.88,Charters Towers,56,AU,1562203205,59,8.43
-33.69,-53.46,44.54,Chuy,20,UY,1562203008,72,17.4
41.42,-6.55,70.1,Saldanha,78,PT,1562203205,57,7.54
43.21,-8.69,68.0,Carballo,0,ES,1562203205,88,4.7
-17.91,19.77,53.6,Rundu,2,NA,1562203205,32,2.24
56.76,48.47,50.66,Sovetskiy,0,RU,1562203206,93,7.11
-6.13,12.37,72.62,Soyo,18,AO,1562203206,86,9.95
40.6,-124.16,66.99,Fortuna,75,US,1562203032,72,13.87
51.0,95.2,54.8,Balgazyn,63,RU,1562203207,80,1.9
11.28,-15.83,80.18,Bubaque,100,GW,1562203048,80,8.99
50.98,11.03,54.0,Erfurt,0,DE,1562203046,66,3.36
-16.02,-48.01,68.0,Santa Maria,40,BR,1562203121,56,2.24
-23.7,133.88,51.8,Alice Springs,0,AU,1562203105,37,4.7
31.26,117.28,80.6,Lujiang,100,CN,1562203208,78,6.71
19.93,-105.25,84.14,Tomatlan,0,MX,1562203208,66,13.22
25.85,84.38,87.74,Reoti,24,IN,1562203208,64,11.54
-18.55,-42.56,67.22,Pecanha,99,BR,1562203209,60,1.57
29.72,112.52,80.72,Dongsheng,98,CN,1562203209,79,5.14
20.44,99.89,77.0,Mae Sai,20,MM,1562203209,94,5.82
27.71,85.32,75.2,Kathmandu,75,NP,1562202943,88,2.24
-3.2,-52.21,72.98,Altamira,66,BR,1562203210,97,1.7
41.28,20.71,62.36,Poum,2,MK,1562203211,77,3.65
-45.87,170.5,52.0,Dunedin,63,NZ,1562203017,55,15.01
55.43,-116.48,60.2,High Prairie,47,CA,1562203211,78,8.39
-14.91,-69.87,48.2,Putina,0,PE,1562203211,12,3.36
39.03,43.36,57.2,Ercis,20,TR,1562203212,54,1.28
45.6,-0.6,73.0,Souillac,0,FR,1562203081,53,9.17
70.86,29.09,43.46,Berlevag,100,NO,1562202888,97,15.43
41.97,-8.7,68.0,Campos,0,PT,1562203213,88,3.36
-5.2,-35.46,75.2,Touros,75,BR,1562203213,100,3.36
-19.55,169.27,78.8,Isangel,90,VU,1562203082,74,9.17
-39.94,176.59,52.0,Waipawa,100,NZ,1562203214,94,8.88
28.42,30.79,75.86,Matay,0,EG,1562203076,44,11.88
37.63,-1.0,75.2,Cartagena,20,ES,1562203214,83,14.99
5.28,115.24,77.0,Victoria,75,BN,1562203055,100,3.36
60.45,22.03,53.01,Naantali,0,FI,1562203215,93,3.36
9.3,-75.39,78.02,Sincelejo,40,CO,1562203215,91,9.69
-26.98,-56.83,44.36,San Patricio,0,PY,1562203022,71,5.41
42.27,118.96,77.48,Chifeng,16,CN,1562203216,32,8.16
35.73,140.83,77.0,Hasaki,75,JP,1562203023,94,8.05
-28.55,16.43,57.32,Oranjemund,0,ZA,1562203216,81,10.02
-3.15,142.36,83.6,Aitape,69,PG,1562203216,62,1.34
25.12,62.33,84.5,Gwadar,50,PK,1562203217,78,6.82
50.68,156.12,42.2,Severo-Kurilsk,100,RU,1562203044,98,10.51
69.49,88.39,73.4,Talnakh,0,RU,1562203072,49,6.71
1.95,34.95,65.06,Amudat,87,UG,1562203217,89,1.39
-20.01,57.66,69.01,Grand Gaube,40,MU,1562203096,94,3.36
64.86,-147.8,77.0,College,75,US,1562203034,44,10.29
12.23,-12.34,84.2,Kerouane,0,GN,1562203218,79,4.7
23.99,-104.67,71.6,Constitucion,90,MX,1562203070,35,17.22
-26.65,15.16,53.6,Luderitz,0,NA,1562203218,81,4.7
-17.17,-70.89,54.44,Tucuman,32,PE,1562203218,43,2.21
-28.95,153.24,66.2,Codrington,90,AU,1562203050,88,8.05
-2.52,-61.06,77.3,Curuca,74,BR,1562203219,80,2.39
64.81,26.0,53.6,Muhos,0,FI,1562203219,76,8.05
-20.21,57.76,69.01,Quatre Cocos,40,MU,1562203220,94,3.36
71.03,27.85,42.56,Mehamn,100,NO,1562203220,97,12.8
-9.07,143.21,77.84,Daru,97,PG,1562203220,74,9.53
-14.25,129.55,73.34,Port Keats,3,AU,1562203220,23,18.25
65.83,21.69,48.2,Boden,15,SE,1562203220,87,3.36
21.78,87.75,83.6,Contai,71,IN,1562203221,74,2.89
5.28,115.24,77.0,Victoria,75,BN,1562203221,100,3.36
12.18,125.51,81.62,San Policarpo,76,PH,1562203221,80,3.24
14.49,-4.19,93.2,Mopti,0,ML,1562203222,46,13.87
51.5,156.52,42.2,Ozernovskiy,100,RU,1562203222,99,3.78
14.9,-24.5,73.52,Sao Filipe,78,CV,1562202856,88,13.71
49.62,20.7,55.99,Nowy Sacz,40,PL,1562203222,81,2.24
-10.0,39.71,64.52,Lindi,0,TZ,1562203222,93,4.45
60.15,-1.15,51.8,Lerwick,100,GB,1562203223,93,16.11
-36.62,-64.29,43.1,Santa Rosa,96,AR,1562202999,85,10.76
52.47,1.45,53.6,Broome,2,GB,1562203029,87,2.37
-34.58,150.85,57.99,Flinders,75,AU,1562202994,100,10.29
25.92,-109.18,90.0,Ahome,40,MX,1562203223,45,14.99
63.2,75.45,71.0,Noyabrsk,52,RU,1562203224,52,11.77
-8.42,20.74,64.52,Lucapa,0,AO,1562203224,41,4.38
-12.93,45.15,78.8,Chirongui,0,YT,1562203224,83,12.75
27.87,-0.29,95.0,Adrar,2,DZ,1562203224,13,13.87
62.42,25.95,46.99,Laukaa,0,FI,1562203225,75,10.29
63.05,179.32,68.48,Beringovskiy,0,RU,1562203072,40,9.66
41.89,12.48,75.99,Rome,0,IT,1562203091,53,4.7
-40.86,172.81,55.99,Takaka,100,NZ,1562203225,78,3.0
-41.87,-73.83,37.4,Ancud,20,CL,1562203226,100,3.36
37.57,126.98,80.6,Seoul,1,KR,1562202977,61,2.24
14.25,-87.96,84.2,San Jose,1,HN,1562202913,58,10.29
44.9,-97.12,84.2,Watertown,90,US,1562203003,70,4.7
-28.77,32.06,65.6,Richards Bay,0,ZA,1562203226,67,11.18
54.89,-2.94,55.0,Carlisle,26,GB,1562203227,93,9.17
54.32,-130.32,59.0,Prince Rupert,90,CA,1562203061,82,5.82
59.14,68.9,57.14,Uvat,45,RU,1562203227,95,7.47
-5.23,-75.68,77.48,Lagunas,62,PE,1562203227,77,2.82
-8.15,159.59,82.34,Buala,12,SB,1562203228,80,9.19
11.71,11.08,80.18,Potiskum,95,NG,1562203228,69,7.83
-28.24,-48.67,60.8,Imbituba,75,BR,1562203228,63,5.82
5.38,-52.96,80.54,Sinnamary,0,GF,1562203099,81,12.39
60.86,8.55,44.01,Hemsedal,88,NO,1562203229,75,4.0
-8.83,13.24,68.0,Luanda,1,AO,1562203229,94,3.36
41.79,-107.24,82.4,Rawlins,1,US,1562203229,10,14.99
49.72,-86.95,78.8,Geraldton,40,CA,1562202884,44,5.82
20.93,85.54,78.38,Kamakhyanagar,85,IN,1562203229,85,1.72
-13.69,-71.62,57.2,Urcos,0,PE,1562203230,47,5.82
-25.3,152.85,73.4,Hervey Bay,40,AU,1562203053,49,26.4
-45.58,-72.07,30.2,Coihaique,90,CL,1562202842,100,1.45
9.2,2.26,75.5,Beterou,46,BJ,1562203230,86,4.99
-13.3,35.25,66.32,Lichinga,28,MZ,1562203231,69,5.44
48.74,-69.09,60.8,Forestville,40,CA,1562203231,82,3.36
37.72,-25.43,68.0,Vila Franca do Campo,40,PT,1562203231,77,6.93
45.93,133.72,62.9,Dalnerechensk,95,RU,1562203232,95,4.14
-14.8,36.54,62.72,Cuamba,4,MZ,1562203232,81,10.22
33.23,-87.58,78.01,Northport,1,US,1562203169,94,3.0
-23.13,150.74,73.4,Yeppoon,75,AU,1562203232,53,17.22
46.79,48.01,69.8,Aksarayskiy,0,RU,1562203233,68,2.24
58.41,15.62,50.0,Linkoping,19,SE,1562203029,71,6.93
2.61,-76.38,55.88,Silvia,94,CO,1562203233,95,4.32
52.04,76.93,64.4,Aksu,75,KZ,1562203089,63,8.95
-0.91,122.88,65.42,Biak,93,ID,1562203233,93,3.94
51.68,-4.16,59.0,Llanelli,0,GB,1562203234,76,4.7
19.28,-81.25,89.01,Bodden Town,20,KY,1562203019,74,1.12
61.28,108.01,60.92,Yerbogachen,44,RU,1562203108,50,4.09
59.1,26.19,52.64,Vao,100,EE,1562203234,59,9.22
41.25,32.69,64.16,Safranbolu,0,TR,1562203235,48,3.56
37.73,-25.67,68.0,Ponta Delgada,40,PT,1562203092,77,6.93
54.43,31.9,45.62,Sobolevo,0,RU,1562203087,95,9.51
-29.95,-71.34,61.0,Coquimbo,0,CL,1562203079,81,16.78
-20.22,-70.14,60.8,Iquique,90,CL,1562203016,72,12.75
8.92,17.55,73.34,Koumra,82,TD,1562203235,87,6.62
-32.72,152.14,66.0,Nelson Bay,75,AU,1562203182,77,14.99
33.49,-80.86,91.4,Orangeburg,1,US,1562203236,62,4.65
58.81,-122.69,64.4,Fort Nelson,75,CA,1562203236,52,11.41
17.54,120.52,80.54,San Quintin,100,PH,1562203236,82,2.55
48.24,18.31,63.0,Vrable,100,SK,1562203237,76,5.82
51.4,-3.27,61.0,Barry,19,GB,1562203237,72,8.05
60.82,-115.79,55.4,Hay River,75,CA,1562203237,82,2.24
4.12,43.89,71.9,Xuddur,20,SO,1562203238,67,18.14
-17.73,-39.27,74.78,Caravelas,17,BR,1562203188,87,12.21
30.37,68.6,76.94,Loralai,0,PK,1562203238,41,4.56
7.14,40.71,56.42,Ginir,67,ET,1562203238,95,5.44
66.82,65.8,67.58,Kharp,20,RU,1562203239,65,4.63
4.47,97.97,65.78,Langsa,100,ID,1562203021,83,3.96
64.73,177.51,69.8,Anadyr,0,RU,1562203239,52,13.42
35.74,139.53,80.01,Nishihara,75,JP,1562203239,88,6.93
66.94,-53.67,39.32,Sisimiut,88,GL,1562203114,90,12.86
-36.63,-71.83,46.4,Coihueco,92,CL,1562203090,100,3.36
-26.18,-50.4,47.24,Canoinhas,6,BR,1562203240,87,4.47
28.26,109.7,71.36,Jishou,99,CN,1562203240,84,1.43
65.8,87.96,73.7,Turukhansk,9,RU,1562203100,69,4.36
43.62,-116.24,79.0,Garden City,1,US,1562202965,23,11.41
55.61,37.97,53.01,Oktyabrskiy,40,RU,1562203241,81,8.95
5.88,121.29,73.7,Kanlagay,100,PH,1562203241,91,5.17
18.65,79.67,77.66,Manthani,100,IN,1562203242,84,7.61
40.53,-112.3,86.0,Tooele,1,US,1562203242,34,9.17
50.23,-63.6,55.4,Havre-Saint-Pierre,40,CA,1562203242,93,13.09
19.1,37.33,88.1,Sawakin,0,SD,1562203242,18,9.84
18.62,-100.35,85.4,Coahuayana,71,MX,1562203051,65,2.3
37.34,-6.06,69.8,Mairena del Aljarafe,40,ES,1562203243,77,5.82
48.05,-122.18,70.0,Marysville,90,US,1562203220,68,8.3
57.8,158.67,64.34,Tigil,0,RU,1562203243,44,9.08
33.64,42.83,85.4,Hit,0,IQ,1562203244,15,14.23
44.08,-80.2,81.0,Shelburne,1,CA,1562202902,39,4.7
51.58,31.79,50.84,Berezna,0,UA,1562203244,84,7.72
14.69,-16.54,77.0,Gat,37,SN,1562203166,88,6.93
